
#  |  3 1 3   3 1 3 |  3 1 3   3 1 3 |  3 1 3   3 1 3 |  3 1 3   3 1 3 |
#  |4 2 6 2 8 2 6 2 |4 2 6 2 8 2 6 2 |4 2 6 2 8 2 6 2 |4 2 6 2 8 2 6 2 |
#  |----------------|----------------|----------------|----------------|
#         1         2         3         4         5         6         7 
#1234567890123456789012345678901234567890123456789012345678901234567890123456789


bar:000
012|0               |0               |0               |0               |

bar:001
012|0               |0               |0               |0               |

bar:002
012|0               |0               |0               |0               |

bar:003
012|0               |0               |0               |0               |




